[header]
width=83
height=53
tilewidth=50
tileheight=50
orientation=orthogonal

[tilesets]
tileset=golden_gear_spritesheet.png,50,50,0,0

[layer]
type=tileLayer
data=
5,5,5,5,5,5,5,5,5,5,5,5,5,5,5,5,5,5,5,5,5,5,5,5,5,5,5,5,5,5,5,5,5,6,4,5,5,5,5,5,5,5,5,5,5,5,6,4,5,5,5,5,5,5,5,5,5,5,5,5,5,5,5,5,5,5,5,5,5,5,5,5,5,5,5,5,5,5,5,6,4,5,5,
8,8,8,13,8,8,8,8,8,8,8,8,8,8,8,8,8,8,8,13,8,8,8,8,13,8,8,8,8,8,8,8,8,9,4,5,5,5,5,5,5,5,5,5,5,5,6,7,8,8,8,8,8,8,8,8,8,8,8,8,8,8,8,8,13,8,8,8,8,8,8,8,8,8,8,8,8,13,8,9,4,5,5,
2,3,19,19,19,19,19,19,19,19,19,19,19,19,19,19,19,19,19,19,19,19,19,19,19,14,19,19,19,19,19,19,19,19,4,5,5,5,5,5,5,5,5,5,5,5,6,19,19,19,19,19,19,19,19,19,19,19,19,19,19,19,19,19,19,19,19,19,19,19,19,19,19,19,19,19,19,19,19,19,4,5,5,
5,12,19,19,19,19,19,19,19,19,19,19,19,19,19,19,19,19,19,19,19,19,19,19,19,14,19,19,19,19,19,19,19,19,4,5,5,5,5,5,5,5,5,5,5,5,6,19,19,19,19,19,19,19,20,19,19,19,19,20,19,19,19,19,20,19,19,19,19,20,19,19,19,19,19,19,19,19,19,19,4,5,5,
5,6,19,19,19,19,19,19,19,19,19,19,19,19,19,19,19,19,19,19,19,20,19,19,19,14,19,19,19,20,19,19,19,19,4,5,5,5,5,5,5,5,5,5,5,5,6,19,19,19,19,19,19,19,19,19,19,19,19,19,19,19,19,19,19,19,19,19,19,19,19,19,19,19,19,19,19,19,19,19,4,5,5,
5,6,19,19,19,19,19,19,19,19,19,19,19,19,19,19,19,19,19,19,19,19,19,19,19,14,19,19,19,19,19,19,19,19,7,13,8,8,8,8,8,8,8,8,8,8,9,19,19,19,19,19,19,19,19,19,19,19,19,19,19,19,19,19,19,19,19,19,19,19,19,19,19,19,19,19,19,19,19,19,4,5,5,
5,6,19,21,19,19,19,19,19,19,19,19,19,19,19,19,19,19,19,19,19,19,19,19,19,14,19,19,19,19,19,19,19,19,19,19,19,1,2,2,2,2,2,2,2,2,3,19,19,19,19,19,19,19,19,19,19,19,19,19,19,19,19,19,19,19,19,19,19,19,19,19,19,19,19,19,19,19,19,19,4,5,5,
8,9,19,22,19,19,19,19,19,19,19,19,19,19,19,19,19,19,19,19,19,19,19,19,19,14,19,19,19,19,19,19,19,19,19,19,19,11,5,5,5,5,5,5,5,5,12,19,19,19,19,19,19,19,19,19,19,19,19,19,19,19,19,19,19,19,19,19,19,19,19,19,19,19,19,19,19,19,19,19,4,5,5,
2,2,2,2,3,19,19,19,19,19,19,19,19,19,19,19,19,19,1,2,2,2,2,2,3,1,2,2,2,2,3,19,19,19,19,19,19,4,5,5,5,5,5,5,5,5,6,19,19,19,19,19,19,19,20,19,19,19,19,20,19,19,19,19,20,19,19,19,19,20,19,19,19,19,19,19,19,19,19,19,4,5,5,
5,5,5,5,12,19,19,19,19,19,19,19,19,19,19,19,19,19,11,5,5,5,5,5,6,4,5,5,5,5,6,18,19,19,19,19,19,4,5,5,5,5,5,5,5,5,6,19,19,19,19,19,19,19,19,19,19,19,19,19,16,17,17,18,19,19,19,19,19,16,17,17,17,1,2,3,15,15,15,15,4,5,5,
5,5,5,5,6,19,19,19,19,19,19,19,19,19,19,19,19,19,4,5,5,5,5,5,6,4,5,5,5,5,6,18,19,19,20,19,19,4,5,5,5,5,5,5,5,5,6,19,19,19,19,19,19,19,19,19,19,19,19,19,19,19,19,19,19,19,19,19,19,19,19,19,19,4,5,6,19,19,19,19,4,5,5,
5,5,5,5,6,19,19,19,19,19,19,19,19,19,19,19,19,19,4,5,5,5,5,5,6,4,5,5,5,5,6,18,19,19,19,19,19,4,5,5,5,5,5,5,5,5,6,19,19,19,19,19,19,19,19,19,19,19,19,19,19,19,19,19,19,19,19,19,19,19,19,19,19,4,5,6,15,15,15,15,4,5,5,
5,5,5,5,6,19,19,19,19,19,19,1,10,3,19,19,19,19,4,5,5,5,5,5,6,4,5,5,5,5,6,19,19,19,19,19,19,4,5,5,5,5,5,5,5,5,6,19,19,19,19,19,19,19,19,19,19,19,19,19,19,19,19,19,19,19,19,19,19,19,19,19,19,4,5,6,19,19,19,19,4,5,5,
5,5,5,5,6,19,19,19,19,19,19,7,8,9,19,19,19,19,4,5,5,5,5,5,6,4,5,5,5,5,6,19,19,19,19,19,19,4,5,5,5,5,5,5,5,5,6,19,19,19,19,19,19,19,20,19,19,19,19,20,19,19,19,19,20,19,19,19,19,20,19,19,19,11,5,6,19,19,19,19,4,5,5,
5,5,5,5,6,19,19,19,19,19,19,19,19,19,19,19,19,19,4,5,5,5,5,5,6,4,5,5,5,5,6,19,19,19,19,19,19,4,5,5,5,5,5,5,5,5,6,19,19,19,19,19,19,19,19,19,19,19,19,19,19,19,19,19,19,19,19,19,19,19,19,19,19,4,5,6,19,19,19,19,4,5,5,
5,5,5,5,12,19,19,19,19,19,19,19,19,19,19,19,19,19,11,5,5,5,5,5,6,4,5,5,5,5,6,19,19,19,19,19,19,7,8,8,8,8,8,8,8,8,9,19,19,19,19,19,19,19,19,19,19,19,19,19,19,19,19,19,19,19,19,19,19,19,19,19,19,4,5,6,19,19,19,19,4,5,5,
5,5,5,5,6,19,19,19,19,19,19,19,19,19,19,19,19,19,4,5,5,5,5,5,6,4,5,5,5,5,6,19,19,19,19,19,19,1,2,2,2,2,2,2,2,2,2,10,2,2,2,2,3,19,19,19,19,19,19,19,19,19,19,19,19,19,19,19,19,19,19,19,19,4,5,6,19,19,19,19,4,5,5,
5,5,5,5,6,19,19,19,19,19,19,19,19,19,19,19,19,19,4,5,5,5,5,5,6,4,5,5,5,5,6,18,19,19,19,19,19,4,5,5,5,5,5,5,5,5,5,5,5,5,5,5,6,17,17,17,17,18,19,19,19,19,19,19,19,19,19,19,19,19,19,19,19,4,5,6,19,19,19,19,4,5,5,
5,5,5,5,6,19,19,19,19,1,10,3,19,19,19,19,19,19,4,5,5,5,5,5,6,4,5,5,5,5,6,18,19,19,14,14,14,4,5,5,5,5,5,5,5,5,5,5,5,5,5,5,6,19,20,19,19,19,19,20,19,19,19,19,20,19,19,19,19,20,19,19,19,4,5,6,19,19,19,19,4,5,5,
5,5,5,5,6,19,19,19,19,7,8,9,19,19,19,19,19,19,4,5,5,5,5,5,6,4,5,5,5,5,6,18,19,19,14,14,14,4,5,5,5,5,5,5,5,5,5,5,5,5,5,5,6,19,19,19,19,19,19,19,19,19,19,19,19,19,19,19,19,19,19,19,19,4,5,6,19,19,19,19,4,5,5,
5,5,5,5,6,19,19,19,19,19,19,19,19,19,19,19,19,19,4,5,5,5,5,5,6,7,13,8,8,8,9,19,19,19,14,14,14,4,5,5,5,5,5,5,5,5,5,5,5,5,5,5,6,19,19,19,19,19,19,19,19,19,19,19,19,19,19,19,19,19,19,19,19,7,13,9,19,19,19,19,7,8,8,
5,5,5,5,12,19,19,19,19,19,19,19,19,19,19,19,19,19,11,5,5,5,5,5,6,19,19,19,19,19,19,19,19,14,14,14,14,4,5,5,5,5,5,5,5,5,5,5,5,5,5,5,6,19,19,19,19,19,19,19,19,19,19,19,19,19,19,19,19,19,19,19,19,14,19,19,19,19,19,19,14,14,14,
5,5,5,5,6,19,19,19,19,19,19,19,19,19,19,19,19,19,4,5,5,5,5,5,6,19,20,19,19,19,19,19,19,14,14,14,14,4,5,5,5,5,5,5,5,5,5,5,5,5,5,5,6,19,19,19,19,19,19,19,19,19,19,19,19,19,19,19,19,19,19,19,19,14,19,19,19,19,19,19,14,14,14,
5,5,5,5,6,19,19,19,19,19,19,19,19,19,19,19,19,19,4,5,5,5,5,5,6,19,19,19,19,19,19,19,19,14,14,14,14,7,8,8,8,8,8,8,8,8,8,8,8,8,8,8,9,19,20,19,19,19,19,20,19,19,19,19,20,19,19,19,19,20,19,19,19,14,19,19,19,19,19,19,14,14,14,
5,5,5,5,6,19,19,19,19,19,19,1,10,3,19,19,19,19,4,5,5,5,5,5,6,19,19,19,1,2,2,2,2,2,2,2,2,2,2,2,2,2,2,2,2,2,2,2,2,2,2,2,3,19,19,19,19,19,19,19,19,19,19,19,19,19,19,19,19,19,19,19,19,14,19,19,19,19,19,19,14,14,14,
5,5,5,5,6,19,19,19,19,19,19,7,8,9,19,19,19,19,4,5,5,5,5,5,6,19,19,19,4,5,5,5,5,5,5,5,5,5,5,5,5,5,5,5,5,5,5,5,5,5,5,5,12,19,19,19,19,19,19,19,19,19,19,19,19,19,19,19,19,19,19,19,19,14,19,19,19,19,19,19,14,14,14,
5,5,5,5,6,19,19,19,19,19,19,19,19,19,19,19,19,19,4,5,5,5,5,5,6,19,19,19,4,5,5,5,5,5,5,5,5,5,5,5,5,5,5,5,5,5,5,5,5,5,5,5,6,19,19,19,19,19,19,19,19,19,19,19,19,19,19,19,19,19,19,1,10,3,19,19,19,19,19,19,1,2,2,
5,5,5,5,12,19,19,19,19,19,19,19,19,19,19,19,19,19,11,5,5,5,5,5,6,19,19,19,4,5,5,5,5,5,5,5,5,5,5,5,5,5,5,5,5,5,5,5,5,5,5,5,6,19,19,19,19,19,19,19,16,17,17,18,19,19,19,16,17,17,17,7,8,9,19,19,19,19,19,19,4,5,5,
5,5,5,5,6,19,19,19,19,19,19,19,19,19,19,19,19,19,4,5,5,5,5,5,6,19,20,19,4,5,5,5,5,5,5,5,5,5,5,5,5,5,5,5,5,5,5,5,5,5,5,5,6,19,20,19,19,19,19,20,19,19,19,19,20,19,19,19,19,20,19,19,19,19,19,19,19,23,19,19,11,5,5,
5,5,5,5,6,19,19,19,19,19,19,19,19,19,19,19,19,19,7,8,8,13,8,8,9,19,19,19,7,13,8,8,13,8,8,13,8,8,13,8,8,13,8,8,13,8,8,13,8,8,8,8,9,19,19,19,19,19,19,19,19,19,19,19,19,19,19,19,19,19,19,19,19,19,19,19,19,24,19,19,7,8,8,
5,5,5,5,6,19,19,19,19,1,10,3,19,19,19,19,19,19,19,19,19,19,19,19,19,19,19,19,19,19,19,19,19,19,19,19,19,19,19,19,19,19,19,19,19,19,19,19,14,14,14,14,14,19,19,19,19,19,19,19,19,19,19,19,19,19,19,19,19,19,19,1,2,2,2,2,2,2,2,2,2,2,2,
5,5,5,5,6,19,19,19,19,7,8,9,19,19,19,19,19,19,19,19,19,19,19,19,19,19,19,19,19,19,19,19,19,19,19,19,19,19,19,19,19,19,19,19,19,19,19,19,14,14,14,14,14,19,19,19,19,19,19,19,19,19,19,19,19,19,19,19,19,19,19,11,5,5,5,5,5,5,5,5,5,5,5,
5,5,5,5,6,19,19,19,19,19,19,19,19,19,19,19,19,19,19,19,19,19,19,19,19,19,19,19,19,19,19,19,19,19,19,19,19,19,19,19,19,19,19,19,19,19,19,19,14,14,14,14,14,19,19,19,19,19,19,19,19,19,19,19,19,19,19,19,19,19,19,4,5,5,5,5,5,5,5,5,5,5,5,
5,5,5,5,12,19,19,19,19,19,19,19,19,19,19,19,19,19,19,19,19,19,19,19,19,19,19,19,19,19,19,19,19,19,19,19,19,19,19,19,19,19,19,19,19,19,19,19,14,14,14,14,14,19,20,19,19,19,19,20,19,19,19,19,20,19,19,19,19,20,19,4,5,5,5,5,5,5,5,5,5,5,5,
5,5,5,5,6,19,19,19,19,19,19,19,19,19,19,19,19,19,19,19,19,19,19,19,19,19,19,14,14,19,19,19,19,19,19,19,19,19,19,19,19,19,19,19,19,19,19,19,14,14,14,14,14,19,19,19,19,19,19,19,19,19,19,19,19,19,19,19,19,19,19,7,8,8,8,8,8,8,8,8,8,8,8,
5,5,5,5,6,19,19,19,19,19,19,19,19,19,19,19,19,19,19,19,19,19,19,19,19,19,19,14,14,19,19,19,19,19,19,19,19,19,19,19,19,19,19,19,19,19,19,19,14,14,14,14,14,19,19,19,19,19,19,19,19,19,19,19,19,19,19,19,19,19,19,19,19,14,14,14,20,20,20,20,20,20,20,
5,5,5,5,6,19,19,19,19,19,19,1,10,3,19,19,19,19,1,2,2,2,2,2,2,2,10,2,2,2,2,2,2,2,2,2,2,2,2,2,2,3,15,15,15,15,15,1,2,2,2,2,2,2,10,2,2,3,17,17,17,18,19,19,19,19,19,19,19,19,19,19,19,14,14,14,19,19,19,19,19,19,19,
5,5,5,5,6,19,19,19,19,19,19,7,8,9,19,19,19,19,4,5,5,5,5,5,5,5,5,5,5,5,5,5,5,5,5,5,5,5,5,5,5,6,19,19,19,19,19,4,5,5,5,5,5,5,5,5,5,6,19,19,19,19,19,19,19,19,19,19,19,19,19,19,19,14,14,14,19,19,19,19,19,19,19,
5,5,5,5,6,19,19,19,19,19,19,19,19,19,19,19,19,19,4,5,5,5,5,5,5,5,5,5,5,5,5,5,5,5,5,5,5,5,5,5,5,6,15,15,15,15,15,4,5,5,5,5,5,5,5,5,5,6,19,20,19,19,19,19,20,19,19,19,19,20,19,19,19,14,14,14,19,19,19,19,19,19,19,
5,5,5,5,12,19,19,19,19,19,19,19,19,19,19,19,19,19,11,5,5,5,5,5,5,5,5,5,5,5,5,5,5,5,5,5,5,5,5,5,5,6,18,19,19,19,16,4,5,5,5,5,5,5,5,5,5,12,19,19,19,19,19,19,19,19,19,19,19,19,19,19,19,14,14,14,19,19,19,19,19,19,19,
5,5,5,5,6,19,19,19,19,19,19,19,19,19,19,19,19,19,4,5,5,5,5,5,5,5,5,5,5,5,5,5,5,5,5,5,5,5,5,5,5,6,18,19,19,19,16,4,5,5,5,5,5,5,5,5,5,6,19,19,19,19,19,19,19,19,19,19,19,19,19,19,19,14,14,14,19,19,19,19,19,19,19,
5,5,5,5,6,19,19,19,19,19,19,19,19,19,19,19,19,19,4,5,5,5,5,5,5,5,5,5,5,5,5,5,5,5,5,5,5,5,5,5,5,6,19,20,19,20,19,4,5,5,5,5,5,5,5,5,5,6,19,19,19,19,19,19,19,19,1,2,10,2,2,2,2,2,2,2,2,2,2,2,2,2,2,
5,5,5,5,6,19,19,19,19,1,10,3,19,19,19,19,19,19,4,5,5,5,5,5,5,5,5,5,5,5,5,5,5,5,5,5,5,5,5,5,5,6,19,19,19,19,19,4,5,5,5,5,5,5,5,5,5,6,19,19,19,19,19,19,19,19,4,5,5,5,5,5,5,5,5,5,5,5,5,5,5,5,5,
5,5,5,5,6,19,19,19,19,7,8,9,19,19,19,19,19,19,4,5,5,5,5,5,5,5,5,5,5,5,5,5,5,5,5,5,5,5,5,5,5,6,19,19,19,19,19,4,5,5,5,5,5,5,5,5,5,6,19,20,19,19,19,19,20,19,4,5,5,5,5,5,5,5,5,5,5,5,5,5,5,5,5,
5,5,5,5,6,19,19,19,19,19,19,19,19,19,19,19,19,19,4,5,5,5,5,5,5,5,5,5,5,5,5,5,5,5,5,5,5,5,5,5,5,6,19,19,19,19,19,4,5,5,5,5,5,5,5,5,5,6,19,19,19,19,19,19,19,19,4,5,5,5,5,5,5,5,5,5,5,5,5,5,5,5,5,
5,5,5,5,12,19,19,19,19,19,19,19,19,19,19,19,19,19,11,5,5,5,5,5,5,5,5,5,5,5,5,5,5,5,5,5,5,5,5,5,5,6,19,19,19,19,19,4,5,5,5,5,5,5,5,5,5,6,19,19,19,19,19,19,19,19,4,5,5,5,5,5,5,5,5,5,5,5,5,5,5,5,5,
5,5,5,5,6,19,19,19,19,19,19,19,19,19,19,19,19,19,4,5,5,5,5,5,5,5,5,5,5,5,5,5,5,5,5,5,5,5,5,5,5,6,19,19,19,19,19,4,5,5,5,5,5,5,5,5,5,6,19,19,19,19,19,19,19,19,4,5,5,5,5,5,5,5,5,5,5,5,5,5,5,5,5,
5,5,5,5,6,19,19,19,19,19,19,19,19,19,19,19,19,19,4,5,5,5,5,5,5,5,5,5,5,5,5,5,5,5,5,5,5,5,5,5,5,6,19,20,19,20,19,7,13,8,8,8,8,8,8,8,13,9,19,19,19,19,19,19,19,19,4,5,5,5,5,5,5,5,5,5,5,5,5,5,5,5,5,
5,5,5,5,6,19,19,19,19,19,19,1,10,3,19,19,19,19,4,5,5,5,5,5,5,5,5,5,5,5,5,5,5,5,5,5,5,5,5,5,5,6,19,19,19,19,19,19,19,19,19,19,19,19,19,19,19,19,19,19,19,1,3,15,15,15,4,5,5,5,5,5,5,5,5,5,5,5,5,5,5,5,5,
5,5,5,5,6,19,19,19,19,19,19,7,8,9,19,19,19,19,4,5,5,5,5,5,5,5,5,5,5,5,5,5,5,5,5,5,5,5,5,5,5,12,19,19,19,19,19,19,19,19,19,19,19,19,19,19,19,19,19,19,19,4,6,19,19,19,4,5,5,5,5,5,5,5,5,5,5,5,5,5,5,5,5,
5,5,5,5,6,19,19,19,19,19,19,19,19,19,19,19,19,19,4,5,5,5,5,5,5,5,5,5,5,5,5,5,5,5,5,5,5,5,5,5,5,6,19,19,19,19,19,19,19,19,19,19,19,19,19,19,19,19,19,19,19,7,9,19,19,19,4,5,5,5,5,5,5,5,5,5,5,5,5,5,5,5,5,
5,5,5,5,12,19,19,19,19,19,19,19,19,19,19,19,19,19,11,5,5,5,5,5,5,5,5,5,5,5,5,5,5,5,5,5,5,5,5,5,5,6,1,2,10,2,2,2,2,2,2,2,2,2,2,2,2,2,2,10,2,2,2,2,2,3,4,5,5,5,5,5,5,5,5,5,5,5,5,5,5,5,5,
5,5,5,5,6,19,19,19,19,19,19,19,19,19,19,19,19,19,4,5,5,5,5,5,5,5,5,5,5,5,5,5,5,5,5,5,5,5,5,5,5,6,4,5,5,5,5,5,5,5,5,5,5,5,5,5,5,5,5,5,5,5,5,5,5,6,4,5,5,5,5,5,5,5,5,5,5,5,5,5,5,5,5

[objectLayer]
# player
type=player
location=3,8,1,1

[objectLayer]
# star
type=star
location=46,33,1,1

[objectLayer]
# gear
type=gear
location=17,10,1,1

[objectLayer]
# gear
type=gear
location=17,12,1,1

[objectLayer]
# gear
type=gear
location=17,14,1,1

[objectLayer]
# gear
type=gear
location=17,16,1,1

[objectLayer]
# gear
type=gear
location=13,16,1,1

[objectLayer]
# gear
type=gear
location=9,16,1,1

[objectLayer]
# gear
type=gear
location=5,16,1,1

[objectLayer]
# gear
type=gear
location=5,18,1,1

[objectLayer]
# gear
type=gear
location=5,20,1,1

[objectLayer]
# gear
type=gear
location=5,22,1,1

[objectLayer]
# gear
type=gear
location=9,22,1,1

[objectLayer]
# gear
type=gear
location=13,22,1,1

[objectLayer]
# gear
type=gear
location=17,22,1,1

[objectLayer]
# gear
type=gear
location=13,10,1,1

[objectLayer]
# gear
type=gear
location=9,10,1,1

[objectLayer]
# gear
type=gear
location=5,10,1,1

[objectLayer]
# gear
type=gear
location=17,24,1,1

[objectLayer]
# gear
type=gear
location=17,26,1,1

[objectLayer]
# gear
type=gear
location=17,28,1,1

[objectLayer]
# gear
type=gear
location=13,28,1,1

[objectLayer]
# gear
type=gear
location=9,28,1,1

[objectLayer]
# gear
type=gear
location=5,28,1,1

[objectLayer]
# gear
type=gear
location=5,30,1,1

[objectLayer]
# gear
type=gear
location=5,32,1,1

[objectLayer]
# gear
type=gear
location=5,34,1,1

[objectLayer]
# hedgehog
type=hedgehog
location=26,36,1,1

[objectLayer]
# gear
type=gear
location=29,35,1,1

[objectLayer]
# gear
type=gear
location=32,35,1,1

[objectLayer]
# gear
type=gear
location=35,35,1,1

[objectLayer]
# gear
type=gear
location=38,35,1,1

[objectLayer]
# gear
type=gear
location=41,35,1,1

[objectLayer]
# gear
type=gear
location=44,35,1,1

[objectLayer]
# gear
type=gear
location=47,35,1,1

[objectLayer]
# gear
type=gear
location=26,32,1,1

[objectLayer]
# gear
type=gear
location=26,26,1,1

[objectLayer]
# silverGear
type=silverGear
location=26,7,1,1

[objectLayer]
# silverGear
type=silverGear
location=12,48,1,1

[objectLayer]
# hedgehog
type=hedgehog
location=26,8,1,1

[objectLayer]
# hedgehog
type=hedgehog
location=27,8,1,1

[objectLayer]
# gear
type=gear
location=44,42,1,1

[objectLayer]
# gear
type=gear
location=44,48,1,1

[objectLayer]
# gear
type=gear
location=48,50,1,1

[objectLayer]
# gear
type=gear
location=56,50,1,1

[objectLayer]
# star
type=star
location=21,5,1,1

[objectLayer]
# star
type=star
location=8,13,1,1

[objectLayer]
# star
type=star
location=14,19,1,1

[objectLayer]
# star
type=star
location=8,25,1,1

[objectLayer]
# star
type=star
location=14,31,1,1

[objectLayer]
# hedgehog
type=hedgehog
location=59,51,1,1

[objectLayer]
# hedgehog
type=hedgehog
location=72,41,1,1

[objectLayer]
# gear
type=gear
location=59,46,1,1

[objectLayer]
# gear
type=gear
location=59,40,1,1

[objectLayer]
# gear
type=gear
location=68,40,1,1

[objectLayer]
# gear
type=gear
location=68,32,1,1

[objectLayer]
# gear
type=gear
location=64,33,1,1

[objectLayer]
# gear
type=gear
location=60,34,1,1

[objectLayer]
# gear
type=gear
location=54,35,1,1

[objectLayer]
# gear
type=gear
location=54,26,1,1

[objectLayer]
# gear
type=gear
location=54,32,1,1

[objectLayer]
# gear
type=gear
location=54,29,1,1

[objectLayer]
# gear
type=gear
location=59,26,1,1

[objectLayer]
# gear
type=gear
location=64,26,1,1

[objectLayer]
# star
type=star
location=58,31,1,1

[objectLayer]
# star
type=star
location=62,22,1,1

[objectLayer]
# crab
type=crab
location=32,36,1,1

[objectLayer]
# crab
type=crab
location=35,36,1,1

[objectLayer]
# crab
type=crab
location=38,36,1,1

[objectLayer]
# crab
type=crab
location=21,36,1,1

[objectLayer]
# silverGear
type=silverGear
location=64,51,1,1

[objectLayer]
# star
type=star
location=58,11,1,1

[objectLayer]
# crab
type=crab
location=65,48,1,1

[objectLayer]
# gear
type=gear
location=68,36,1,1

[objectLayer]
# gear
type=gear
location=72,26,1,1

[objectLayer]
# gear
type=gear
location=72,14,1,1

[objectLayer]
# gear
type=gear
location=72,23,1,1

[objectLayer]
# gear
type=gear
location=72,20,1,1

[objectLayer]
# gear
type=gear
location=72,17,1,1

[objectLayer]
# gear
type=gear
location=56,16,1,1

[objectLayer]
# gear
type=gear
location=47,16,1,1

[objectLayer]
# gear
type=gear
location=47,8,1,1

[objectLayer]
# gear
type=gear
location=64,6,1,1

[objectLayer]
# crab
type=crab
location=73,9,1,1

[objectLayer]
# hedgehog
type=hedgehog
location=75,30,1,1

[objectLayer]
# hedgehog
type=hedgehog
location=74,30,1,1

[objectLayer]
# gear
type=gear
location=47,12,1,1

[objectLayer]
# gear
type=gear
location=70,8,1,1

[objectLayer]
# gear
type=gear
location=59,8,1,1

[objectLayer]
# gear
type=gear
location=77,8,1,1

[objectLayer]
# gear
type=gear
location=77,3,1,1

[objectLayer]
# gear
type=gear
location=77,14,1,1

[objectLayer]
# gear
type=gear
location=77,20,1,1

[objectLayer]
# gear
type=gear
location=77,26,1,1

[objectLayer]
# gear
type=gear
location=52,15,1,1

[objectLayer]
# gear
type=gear
location=64,46,1,1

