[header]
width=78
height=40
tilewidth=50
tileheight=50
orientation=orthogonal

[tilesets]
tileset=golden_gear_spritesheet.png,50,50,0,0

[layer]
type=tileLayer
data=
5,5,5,5,5,5,5,5,5,5,5,6,19,19,5,5,5,5,5,5,5,5,5,5,5,5,5,5,5,5,5,5,5,5,5,5,5,5,5,5,5,5,5,5,5,5,5,5,5,5,5,5,5,5,5,5,5,5,6,17,17,17,17,17,4,5,5,5,5,5,5,5,5,5,3,19,19,4,
5,5,5,5,5,5,5,5,5,5,5,6,19,19,5,5,5,5,5,5,5,5,5,5,5,5,5,5,5,5,5,5,5,5,5,5,5,5,5,5,5,5,5,5,5,5,5,5,5,5,5,5,5,5,5,5,5,5,6,19,19,19,19,19,4,5,5,5,5,5,5,5,5,5,6,17,17,4,
5,5,5,5,5,5,5,5,5,5,5,6,17,17,8,8,8,8,8,8,8,8,8,8,8,8,8,8,8,8,8,8,8,8,8,8,8,8,8,8,8,8,8,8,8,8,8,8,8,13,8,8,8,8,8,8,8,8,9,19,19,19,19,19,7,8,8,8,8,8,8,8,8,8,9,19,19,4,
5,5,5,5,5,5,5,5,5,5,5,6,19,19,19,19,19,19,19,19,19,19,19,19,19,19,19,19,19,19,19,19,19,19,19,19,19,19,19,19,19,19,19,19,19,19,19,19,19,19,19,19,19,19,19,19,19,19,19,19,19,19,19,19,19,19,19,19,19,19,19,19,19,19,19,19,19,4,
5,5,5,5,5,5,5,5,5,5,5,6,19,19,19,19,19,19,19,19,19,19,19,19,19,19,19,19,19,19,19,19,19,19,19,19,19,19,19,19,19,19,19,19,19,19,19,19,19,19,19,19,19,19,19,19,19,19,19,19,19,19,19,19,19,23,19,19,19,19,19,19,19,19,19,19,19,4,
5,5,5,5,5,5,5,5,5,5,5,6,19,19,19,19,19,19,19,19,19,19,19,19,19,19,19,19,19,19,19,19,19,19,19,19,19,19,19,19,19,19,19,19,19,19,19,19,19,19,19,19,19,19,19,19,19,19,19,19,19,19,19,19,19,24,19,19,19,19,19,19,19,19,19,19,19,4,
8,8,8,8,8,8,8,8,13,8,8,9,19,19,19,19,19,19,19,19,19,19,19,19,19,19,19,19,19,19,19,19,19,19,19,19,19,19,19,19,19,19,19,19,19,19,19,19,19,19,19,1,2,2,2,2,2,2,2,3,19,19,19,1,2,2,2,2,2,2,2,2,2,3,19,19,19,4,
19,19,19,19,19,19,14,19,19,19,19,19,19,19,19,19,19,19,19,19,19,19,19,19,19,19,19,19,19,19,19,19,19,19,19,19,19,19,19,19,19,19,19,19,19,19,19,19,19,19,19,4,5,5,5,5,5,5,5,6,19,19,19,4,5,5,5,5,5,5,5,5,5,6,19,19,19,4,
2,2,2,2,2,2,3,19,19,19,19,19,19,19,19,19,19,19,19,19,19,19,19,19,19,19,19,19,19,19,19,19,19,19,19,19,19,19,19,19,19,19,19,19,19,19,19,19,19,19,19,7,8,8,8,8,8,8,8,9,19,19,19,7,8,13,8,8,8,8,8,8,8,9,19,19,19,4,
5,5,5,5,5,5,6,19,19,19,19,19,19,19,19,19,19,19,19,19,19,19,19,19,19,19,19,19,19,19,19,19,19,19,19,19,19,19,19,19,19,19,19,19,19,19,19,19,19,19,19,19,19,19,19,19,19,19,19,19,19,19,19,19,19,19,19,19,19,19,19,19,19,19,19,19,19,4,
5,5,5,5,5,5,6,19,19,19,19,19,19,19,19,19,19,19,19,19,19,19,19,19,19,19,19,19,19,19,19,19,19,19,19,19,19,19,19,19,19,19,19,19,19,19,19,19,19,19,19,19,19,19,19,19,19,19,19,19,19,19,19,19,19,19,19,19,19,19,19,19,19,19,19,19,19,4,
5,5,5,5,5,5,6,19,19,19,19,19,19,19,19,19,19,19,19,19,19,19,19,19,19,19,19,19,19,19,19,19,19,19,19,19,19,19,19,19,19,19,19,19,19,19,19,19,19,19,19,19,19,19,19,19,19,19,19,19,19,19,19,19,19,19,19,16,17,17,17,17,1,2,10,3,19,4,
5,5,5,5,5,5,6,15,15,15,1,3,19,19,19,16,17,17,18,19,19,16,17,17,18,19,19,19,14,19,19,19,19,19,19,19,19,19,19,19,19,19,19,19,19,19,19,19,19,19,19,19,19,19,19,19,19,19,19,19,19,19,19,19,19,19,19,19,19,19,19,19,4,5,5,6,17,4,
5,5,5,5,5,5,6,19,19,19,4,6,19,19,19,19,19,19,19,19,19,19,19,19,19,19,19,19,14,19,19,19,19,19,19,19,19,19,19,19,19,19,19,19,19,19,19,19,19,19,19,19,19,19,19,19,19,19,19,19,19,19,19,19,19,19,19,19,19,19,19,19,4,5,5,6,19,4,
5,5,5,5,5,5,6,15,15,15,7,9,19,19,19,19,19,19,19,19,19,19,19,19,19,19,19,19,14,14,19,19,19,19,19,19,19,19,19,19,19,19,19,19,19,19,19,19,19,19,19,19,19,19,19,19,19,19,19,19,19,19,19,19,14,19,19,19,19,19,19,19,11,5,5,6,19,4,
5,5,5,5,5,5,6,19,19,19,19,19,19,19,19,19,19,19,19,19,19,19,19,19,19,19,19,19,14,14,14,19,19,19,19,19,19,19,19,19,19,19,19,19,19,19,19,19,19,19,19,19,19,19,19,19,19,19,19,19,19,19,19,14,14,19,19,19,19,19,19,19,4,5,5,6,17,4,
5,5,5,5,5,5,6,19,19,19,19,19,19,19,19,19,19,19,19,19,19,19,19,19,19,19,19,19,14,14,14,19,19,19,19,19,19,19,19,19,19,19,19,19,19,19,19,19,19,19,19,19,19,19,19,19,19,19,19,19,19,19,19,1,3,19,19,19,19,19,19,19,4,5,5,6,19,4,
5,5,5,5,5,5,6,19,19,19,19,19,19,19,19,19,19,19,19,19,19,19,19,19,19,19,19,19,14,14,14,14,14,19,19,19,19,19,19,19,19,19,19,19,19,19,19,19,19,19,19,19,19,19,19,19,19,19,19,19,19,19,16,7,9,19,19,19,19,19,19,19,4,5,5,6,19,4,
5,5,5,5,5,5,6,15,15,15,1,3,19,19,19,19,19,19,19,19,19,19,19,19,19,19,19,1,2,2,2,2,2,2,2,2,2,2,3,19,19,19,19,19,19,19,19,19,19,19,19,19,19,19,19,19,19,19,19,19,19,19,19,19,19,19,19,19,19,19,19,19,4,5,5,6,17,4,
5,5,5,5,5,5,6,19,19,19,4,6,19,19,19,19,19,19,19,19,19,19,19,19,19,19,19,7,8,8,13,8,8,13,8,8,13,8,9,14,19,19,19,19,19,19,19,19,19,19,19,19,19,19,19,19,19,19,19,19,19,19,19,19,19,19,19,19,19,19,19,19,7,13,8,9,19,4,
8,8,8,8,8,8,9,19,19,19,4,6,19,19,19,19,19,19,19,19,19,19,19,19,19,19,19,19,19,19,19,19,19,19,19,19,19,19,14,14,19,19,19,19,19,19,19,19,19,19,19,19,19,19,19,19,19,19,19,19,19,19,19,19,19,19,19,19,19,19,19,19,14,19,19,19,19,4,
19,14,19,19,19,19,19,19,19,19,4,6,14,19,19,19,19,19,19,19,19,19,19,19,19,19,19,19,19,19,19,19,19,19,19,19,19,19,14,14,14,19,19,19,19,19,19,19,19,19,19,19,19,19,19,19,19,19,19,19,19,19,19,19,19,19,19,19,19,19,19,19,14,19,19,19,19,4,
19,14,14,14,19,19,19,19,19,19,4,6,16,17,17,17,17,18,19,19,19,19,19,19,19,19,19,19,19,19,19,19,19,19,19,19,19,19,14,14,14,14,19,19,19,19,19,19,19,19,19,19,19,19,19,19,19,19,19,19,19,19,19,19,19,19,19,19,19,19,19,19,14,19,19,19,19,4,
14,14,14,14,19,19,19,19,19,19,4,6,19,19,19,19,19,19,19,19,19,19,19,19,19,19,19,19,19,19,19,19,19,19,19,19,19,19,1,2,2,2,2,3,19,19,19,19,19,19,19,19,19,19,19,19,19,19,19,19,19,19,19,19,19,19,19,19,19,19,19,19,14,19,19,19,19,4,
2,2,2,2,2,2,3,19,19,19,4,6,19,19,19,19,19,19,19,16,17,18,19,19,19,19,19,19,19,19,19,19,19,19,19,19,19,19,4,5,5,5,5,6,19,19,19,19,19,19,19,19,19,19,19,19,19,19,19,19,19,19,19,19,19,19,19,19,19,19,19,19,14,19,19,19,19,4,
5,5,5,5,5,5,6,19,19,19,4,6,19,19,19,19,19,19,19,19,19,19,19,19,19,19,19,19,19,19,19,19,19,19,19,19,19,19,4,5,5,5,5,6,19,19,19,19,14,19,19,19,19,19,19,19,19,19,19,19,19,19,19,19,19,19,19,19,19,19,19,19,14,19,19,19,19,4,
5,5,5,5,5,5,6,19,19,19,4,6,19,19,19,19,19,19,19,19,19,19,19,19,19,19,19,19,19,19,19,19,19,19,19,19,19,19,4,5,5,5,5,6,19,19,19,19,14,19,19,14,19,19,19,19,19,19,19,19,19,19,19,19,19,19,19,19,19,19,19,19,14,19,19,19,19,4,
5,5,5,5,5,5,6,19,19,19,4,12,19,19,19,19,19,19,19,19,19,19,19,19,19,19,19,19,19,19,19,19,19,19,19,19,19,19,4,5,5,5,5,6,19,19,19,1,2,2,2,2,2,2,2,2,2,2,2,2,2,2,2,3,19,19,19,19,19,1,10,2,2,3,19,19,19,4,
5,5,5,5,5,5,6,19,19,19,4,6,19,19,19,19,19,19,19,19,19,19,19,19,19,19,19,19,19,19,19,19,19,19,19,19,19,19,7,8,8,8,8,9,19,19,19,7,8,8,8,8,8,8,8,8,8,8,8,8,8,8,8,9,19,19,19,19,19,4,5,5,5,6,19,19,19,4,
5,5,5,5,5,5,6,15,15,15,7,9,19,19,19,19,19,19,19,19,19,19,19,19,19,19,19,19,19,19,19,19,19,19,19,19,19,19,19,19,19,19,19,19,19,19,19,19,19,19,19,19,19,19,14,19,19,19,19,19,19,19,19,19,19,19,19,19,19,4,5,5,5,6,19,19,19,4,
5,5,5,5,5,5,6,19,19,19,19,19,19,19,19,19,19,19,19,19,19,19,19,19,19,19,19,19,19,19,19,19,19,19,19,19,19,19,19,19,19,19,19,19,19,19,19,19,19,19,19,19,19,14,14,19,19,19,19,19,19,19,19,19,19,19,19,19,19,4,5,5,5,6,19,19,19,4,
5,5,5,5,5,5,6,19,19,19,19,19,19,19,19,19,19,19,19,19,19,19,19,19,19,19,19,19,19,19,19,19,19,19,19,19,19,19,19,19,19,19,19,19,19,19,19,19,19,19,19,19,19,14,14,14,19,19,19,19,19,19,19,19,19,19,19,19,19,4,5,5,5,6,19,19,19,4,
5,5,5,5,5,5,6,19,21,19,19,19,19,19,19,19,19,19,19,19,19,19,19,1,2,2,10,2,2,3,19,19,19,19,19,1,2,2,2,2,2,2,2,3,19,19,19,1,2,2,2,2,2,2,2,2,2,2,2,2,2,2,2,3,19,19,19,19,19,7,8,8,8,9,19,19,19,4,
8,8,8,8,8,8,9,19,22,19,19,19,19,19,19,19,19,19,19,19,19,19,19,4,5,5,5,5,5,6,19,19,19,19,19,4,5,5,5,5,5,5,5,6,19,19,19,4,5,5,5,5,5,5,5,5,5,5,5,5,5,5,5,6,19,19,19,19,19,19,19,19,19,19,19,19,19,4,
1,2,2,2,2,2,2,2,2,2,2,2,2,2,2,10,3,19,19,19,19,19,19,4,5,5,5,5,5,6,19,19,19,19,19,4,5,5,5,5,5,5,5,6,19,19,19,4,5,5,5,5,5,5,5,5,5,5,5,5,5,5,5,12,19,19,19,19,19,19,19,19,19,19,19,19,19,4,
4,5,5,5,5,5,5,5,5,5,5,5,5,5,5,5,6,19,19,19,19,19,19,4,5,5,5,5,5,6,19,19,19,19,19,4,5,5,5,5,5,5,5,6,19,19,19,7,8,8,8,8,13,8,8,8,8,8,8,8,8,8,8,9,19,19,19,19,19,19,19,19,19,19,19,19,19,4,
4,5,5,5,5,5,5,5,5,5,5,5,5,5,5,5,6,19,19,19,19,19,19,4,5,5,5,5,5,6,19,19,19,19,19,4,5,5,5,5,5,5,5,6,19,19,19,19,19,19,19,19,19,19,19,19,19,19,19,19,19,19,19,19,19,19,19,19,19,19,19,19,19,19,19,19,19,11,
4,5,5,5,5,5,5,5,5,5,5,5,5,5,5,5,6,19,19,19,19,19,19,4,5,5,5,5,5,6,19,19,19,19,19,4,5,5,5,5,5,5,5,6,19,19,19,19,19,19,19,19,19,19,19,19,19,19,19,19,19,19,19,19,19,19,19,19,19,19,19,19,19,19,19,19,19,4,
4,5,5,5,5,5,5,5,5,5,5,5,5,5,5,5,6,19,19,19,19,19,19,4,5,5,5,5,5,6,19,19,19,19,19,4,5,5,5,5,5,5,5,6,19,19,19,19,19,19,19,19,19,19,19,19,19,19,19,19,19,19,19,19,19,19,19,19,19,19,19,19,19,19,19,19,19,4,
4,5,5,5,5,5,5,5,5,5,5,5,5,5,5,5,6,19,19,19,19,19,19,4,5,5,5,5,5,6,19,19,19,19,19,4,5,5,5,5,5,5,5,6,2,10,2,2,2,2,2,2,2,2,2,2,2,2,2,2,2,2,2,3,19,19,19,19,19,19,19,1,2,2,2,10,3,4

[objectLayer]
# gear
type=gear
location=8,34,1,1

[objectLayer]
# player
type=player
location=8,34,1,1

[objectLayer]
# crab
type=crab
location=26,32,1,1

[objectLayer]
# crab
type=crab
location=16,12,1,1

[objectLayer]
# crab
type=crab
location=23,12,1,1

[objectLayer]
# star
type=star
location=49,31,1,1

[objectLayer]
# star
type=star
location=49,38,1,1

[objectLayer]
# silverGear
type=silverGear
location=5,23,1,1

[objectLayer]
# silverGear
type=silverGear
location=51,31,1,1

[objectLayer]
# gear
type=gear
location=8,9,1,1

[objectLayer]
# gear
type=gear
location=8,11,1,1

[objectLayer]
# gear
type=gear
location=8,17,1,1

[objectLayer]
# gear
type=gear
location=8,23,1,1

[objectLayer]
# gear
type=gear
location=8,26,1,1

[objectLayer]
# gear
type=gear
location=11,33,1,1

[objectLayer]
# gear
type=gear
location=14,33,1,1

[objectLayer]
# gear
type=gear
location=15,28,1,1

[objectLayer]
# gear
type=gear
location=20,23,1,1

[objectLayer]
# gear
type=gear
location=16,21,1,1

[objectLayer]
# gear
type=gear
location=13,21,1,1

[objectLayer]
# gear
type=gear
location=30,22,1,1

[objectLayer]
# gear
type=gear
location=33,22,1,1

[objectLayer]
# gear
type=gear
location=36,22,1,1

[objectLayer]
# gear
type=gear
location=24,31,1,1

[objectLayer]
# gear
type=gear
location=28,31,1,1

[objectLayer]
# gear
type=gear
location=52,38,1,1

[objectLayer]
# gear
type=gear
location=55,38,1,1

[objectLayer]
# gear
type=gear
location=58,38,1,1

[objectLayer]
# gear
type=gear
location=61,38,1,1

[objectLayer]
# gear
type=gear
location=61,31,1,1

[objectLayer]
# gear
type=gear
location=58,31,1,1

[objectLayer]
# gear
type=gear
location=55,31,1,1

[objectLayer]
# gear
type=gear
location=39,31,1,1

[objectLayer]
# gear
type=gear
location=42,31,1,1

[objectLayer]
# gear
type=gear
location=51,26,1,1

[objectLayer]
# gear
type=gear
location=54,26,1,1

[objectLayer]
# gear
type=gear
location=57,26,1,1

[objectLayer]
# gear
type=gear
location=60,26,1,1

[objectLayer]
# gear
type=gear
location=63,26,1,1

[objectLayer]
# gear
type=gear
location=70,24,1,1

[objectLayer]
# gear
type=gear
location=70,21,1,1

[objectLayer]
# gear
type=gear
location=70,18,1,1

[objectLayer]
# gear
type=gear
location=70,15,1,1

[objectLayer]
# gear
type=gear
location=64,14,1,1

[objectLayer]
# gear
type=gear
location=68,5,1,1

[objectLayer]
# gear
type=gear
location=71,5,1,1

[objectLayer]
# gear
type=gear
location=74,5,1,1

[objectLayer]
# gear
type=gear
location=75,7,1,1

[objectLayer]
# gear
type=gear
location=75,10,1,1

[objectLayer]
# gear
type=gear
location=75,37,1,1

[objectLayer]
# gear
type=gear
location=75,34,1,1

[objectLayer]
# gear
type=gear
location=75,31,1,1

[objectLayer]
# gear
type=gear
location=75,28,1,1

[objectLayer]
# gear
type=gear
location=75,25,1,1

[objectLayer]
# gear
type=gear
location=74,23,1,1

[objectLayer]
# gear
type=gear
location=66,29,1,1

[objectLayer]
# gear
type=gear
location=66,32,1,1

[objectLayer]
# gear
type=gear
location=66,35,1,1

[objectLayer]
# gear
type=gear
location=69,36,1,1

[objectLayer]
# gear
type=gear
location=72,37,1,1

[objectLayer]
# gear
type=gear
location=64,38,1,1

[objectLayer]
# gear
type=gear
location=67,37,1,1

[objectLayer]
# gear
type=gear
location=45,31,1,1

[objectLayer]
# gear
type=gear
location=45,34,1,1

[objectLayer]
# gear
type=gear
location=45,37,1,1

[objectLayer]
# gear
type=gear
location=45,28,1,1

[objectLayer]
# gear
type=gear
location=45,25,1,1

[objectLayer]
# gear
type=gear
location=18,29,1,1

[objectLayer]
# gear
type=gear
location=21,30,1,1

[objectLayer]
# gear
type=gear
location=26,30,1,1

[objectLayer]
# gear
type=gear
location=30,24,1,1

[objectLayer]
# gear
type=gear
location=33,24,1,1

[objectLayer]
# gear
type=gear
location=36,24,1,1

[objectLayer]
# gear
type=gear
location=30,26,1,1

[objectLayer]
# gear
type=gear
location=33,26,1,1

[objectLayer]
# gear
type=gear
location=36,26,1,1

[objectLayer]
# gear
type=gear
location=32,16,1,1

[objectLayer]
# gear
type=gear
location=30,13,1,1

[objectLayer]
# gear
type=gear
location=28,10,1,1

[objectLayer]
# gear
type=gear
location=49,5,1,1

[objectLayer]
# gear
type=gear
location=11,17,1,1

[objectLayer]
# gear
type=gear
location=13,19,1,1

[objectLayer]
# gear
type=gear
location=21,11,1,1

[objectLayer]
# gear
type=gear
location=18,11,1,1

[objectLayer]
# gear
type=gear
location=15,11,1,1

[objectLayer]
# gear
type=gear
location=24,11,1,1

[objectLayer]
# gear
type=gear
location=13,25,1,1

[objectLayer]
# gear
type=gear
location=15,25,1,1

[objectLayer]
# gear
type=gear
location=35,17,1,1

[objectLayer]
# crab
type=crab
location=14,22,1,1

[objectLayer]
# star
type=star
location=55,23,1,1

[objectLayer]
# hedgehog
type=hedgehog
location=70,27,1,1

[objectLayer]
# hedgehog
type=hedgehog
location=38,32,1,1

