[header]
width=64
height=32
tilewidth=50
tileheight=50
orientation=orthogonal

[tilesets]
tileset=golden_gear_spritesheet.png,50,50,0,0

[layer]
type=tileLayer
data=
19,19,19,19,19,19,19,19,19,19,19,19,19,19,19,19,19,19,19,19,19,19,19,19,19,19,19,19,19,19,19,19,19,19,19,19,19,19,19,19,19,19,19,19,19,19,19,19,19,19,19,19,19,19,19,19,19,19,19,19,19,19,19,19,
19,19,19,19,19,19,19,19,19,19,19,19,19,19,19,19,19,19,19,19,19,19,19,19,19,19,19,19,19,19,19,19,19,19,19,19,19,19,19,19,19,19,19,19,19,19,19,19,19,19,19,19,19,19,19,19,19,19,20,19,19,19,19,19,
19,19,19,19,19,19,19,19,19,19,19,19,19,19,19,19,19,19,19,19,19,19,19,19,19,19,19,19,19,19,19,19,19,19,19,19,19,19,19,19,19,20,19,19,19,19,19,19,19,19,19,19,19,19,19,19,19,19,19,19,19,19,19,19,
19,19,19,19,19,19,19,19,19,19,19,19,19,19,19,19,19,19,19,19,19,19,19,19,19,19,19,19,19,19,19,19,19,19,19,19,19,19,19,19,19,19,19,19,19,19,19,19,19,19,19,19,19,19,19,19,19,19,19,19,19,19,19,19,
19,19,19,19,19,19,19,19,19,19,19,19,19,19,19,19,19,19,19,19,20,19,19,19,19,19,19,19,19,19,19,19,19,19,19,19,19,19,19,19,19,19,19,19,19,19,19,19,19,19,19,19,19,19,19,19,19,19,19,19,19,19,19,19,
19,19,19,19,19,19,19,19,19,19,19,19,19,19,19,19,19,19,19,19,19,19,19,19,19,19,19,19,19,19,19,19,19,19,19,19,19,19,19,19,19,19,19,19,19,19,19,19,19,19,19,19,19,19,19,19,19,19,19,19,19,19,19,14,
19,19,19,19,19,19,19,19,19,19,19,19,19,19,19,19,19,19,19,19,19,19,19,19,19,19,19,19,16,17,17,17,17,17,17,17,17,17,17,17,17,17,17,17,17,18,19,19,19,19,19,19,19,19,19,19,19,19,19,19,19,19,19,14,
19,19,19,19,19,19,19,19,19,19,19,19,19,19,19,19,19,19,19,19,19,19,19,19,19,19,19,19,19,14,19,19,19,19,19,19,19,19,19,19,19,19,19,19,19,19,19,19,19,19,19,19,19,19,19,19,19,19,19,19,19,19,19,14,
19,19,19,19,19,19,19,19,19,20,19,19,19,19,19,19,19,19,19,19,19,19,19,19,19,19,19,19,19,14,19,19,19,19,19,19,19,19,19,19,19,19,19,19,19,19,19,19,11,14,19,19,19,19,19,19,19,19,19,19,19,19,19,14,
19,19,19,19,19,19,19,19,19,19,19,19,19,19,19,19,19,19,19,19,19,19,19,19,19,19,19,19,19,14,19,19,19,20,19,19,19,19,19,19,19,19,19,19,19,19,19,19,16,17,17,17,17,17,17,17,17,17,17,17,17,17,17,18,
19,19,19,19,19,19,19,19,19,19,19,19,19,19,19,19,19,19,19,19,19,19,19,19,19,19,19,19,19,14,19,19,19,19,19,19,19,19,19,14,12,19,19,19,19,19,19,19,19,19,19,19,19,19,19,19,19,19,19,19,19,19,19,14,
19,19,19,19,19,19,19,19,19,19,19,19,19,19,19,19,19,19,19,19,19,19,19,19,19,19,19,19,19,16,17,17,17,17,17,17,17,17,17,17,18,19,19,19,19,19,19,19,19,19,19,19,19,19,19,19,19,19,19,19,19,19,19,14,
19,19,19,19,19,19,19,19,19,19,19,19,19,19,19,19,19,19,19,19,19,19,19,19,19,19,19,19,19,14,19,19,19,19,19,19,19,19,19,19,19,19,19,19,19,19,19,19,19,11,14,19,19,19,19,19,19,19,19,19,19,19,19,14,
19,19,19,19,19,19,19,19,19,19,19,19,19,19,19,19,19,19,19,19,19,19,19,19,19,19,19,19,19,14,19,19,19,19,19,19,19,19,19,19,19,19,19,19,19,19,19,19,19,16,17,17,17,17,17,17,17,17,17,17,17,17,17,18,
19,19,19,19,19,19,19,19,19,19,19,19,19,19,19,19,19,19,19,19,19,19,19,19,19,19,19,19,19,14,19,20,19,19,19,19,19,19,19,19,19,19,19,19,19,19,19,19,19,19,19,19,19,19,19,19,19,19,19,19,19,19,19,19,
19,19,19,19,19,19,19,19,19,19,19,19,19,19,19,19,19,19,19,14,10,14,19,19,19,19,19,19,19,14,19,19,19,19,19,19,19,19,14,12,19,19,19,19,19,19,19,19,19,19,19,19,19,19,19,19,19,19,19,19,19,19,19,19,
19,19,19,19,19,19,19,19,19,19,19,19,19,19,19,19,19,19,19,14,14,14,19,19,19,19,19,19,19,16,17,17,17,17,17,17,17,17,17,18,19,19,19,19,19,19,19,19,19,19,19,19,19,19,19,19,19,19,19,19,19,19,19,19,
19,19,19,19,19,19,19,19,19,20,19,19,19,19,19,19,19,19,19,14,14,14,19,19,19,19,19,19,19,19,19,19,19,19,19,19,19,19,19,19,19,19,19,19,19,19,19,19,19,19,19,19,19,19,19,19,19,19,19,19,19,19,19,19,
19,19,19,19,19,19,19,19,19,19,19,19,19,19,19,19,19,19,19,14,14,14,19,19,19,19,19,19,19,19,19,19,19,19,19,19,19,19,19,19,19,19,19,19,19,19,19,19,19,19,19,19,19,19,19,19,19,19,19,19,19,19,19,19,
19,19,19,19,19,19,19,19,19,19,19,19,19,19,19,19,19,19,19,14,14,14,19,19,19,19,19,19,19,19,19,19,19,19,19,19,19,19,19,19,19,19,19,19,19,19,19,19,19,19,19,19,19,19,19,19,19,19,19,19,19,19,19,19,
19,19,19,19,19,19,19,19,19,19,19,19,19,19,19,19,19,19,19,14,14,14,19,19,19,19,19,19,19,19,19,19,19,19,19,19,19,19,19,19,19,19,19,19,19,19,19,19,19,19,19,19,19,19,19,19,19,19,19,19,19,19,19,19,
19,19,19,19,19,19,19,19,19,19,19,19,14,10,14,19,19,19,19,14,14,14,19,19,19,19,19,19,19,19,19,19,19,19,19,19,19,19,19,19,19,19,19,19,20,19,19,19,19,19,19,19,19,19,19,19,19,19,19,19,19,19,19,19,
19,19,19,19,19,19,19,19,19,19,19,19,14,14,14,19,19,19,19,14,14,14,19,19,19,21,19,19,19,19,19,19,19,19,19,19,19,19,19,19,19,19,19,19,19,19,19,19,19,19,19,19,19,19,19,19,19,19,19,19,19,19,19,19,
19,19,19,19,19,19,19,19,19,19,19,19,14,14,14,19,19,19,19,14,14,14,19,19,19,22,19,19,19,19,19,19,19,19,19,19,19,19,19,19,19,19,19,19,19,19,19,19,19,19,19,19,19,19,19,19,19,19,19,19,19,19,19,19,
19,19,19,10,2,2,2,2,2,2,2,2,2,2,2,2,2,2,2,2,2,2,2,2,2,10,3,19,19,19,19,19,19,19,19,19,19,19,19,19,19,19,19,19,19,19,19,19,19,19,19,19,19,19,19,19,19,19,19,19,19,19,19,19,
19,19,19,4,5,5,5,5,5,5,5,5,5,5,5,5,5,5,5,5,5,5,5,5,5,5,6,19,19,19,19,19,19,19,19,19,19,19,19,19,19,19,19,19,19,19,19,19,19,19,19,19,19,19,19,19,19,19,19,19,19,19,19,19,
19,19,19,4,5,5,5,5,5,5,5,5,5,5,5,5,5,5,5,5,5,5,5,5,5,5,6,19,19,19,19,19,19,19,19,19,19,16,17,18,19,19,19,19,19,19,19,19,19,19,19,19,19,19,19,19,19,19,19,19,19,19,19,19,
19,19,19,4,5,5,5,5,5,5,5,5,5,5,5,5,5,5,5,5,5,5,5,5,5,5,6,19,19,19,19,19,19,19,19,20,19,19,19,19,19,19,19,19,19,19,19,19,19,19,19,19,19,19,19,19,19,19,19,19,19,19,19,19,
19,19,19,4,5,5,5,5,5,5,5,5,5,5,5,5,5,5,5,5,5,5,5,5,5,5,6,19,19,19,19,19,19,19,19,19,19,19,19,19,19,19,19,19,19,19,19,19,20,19,19,19,19,19,19,19,19,19,19,19,19,23,19,19,
19,19,19,19,19,19,19,19,19,19,19,19,19,19,19,19,19,19,19,19,19,19,19,19,19,19,19,19,19,19,19,19,19,19,19,19,19,19,19,19,19,19,19,19,19,19,19,19,19,19,19,19,19,19,19,19,19,19,19,19,19,24,19,19,
19,19,19,19,19,19,19,19,19,19,19,19,19,19,19,19,19,19,19,19,19,19,19,19,19,19,19,19,19,19,19,19,19,19,19,19,19,19,19,19,19,19,19,19,19,19,19,19,19,19,19,19,19,19,19,19,19,19,19,16,17,17,18,19,
19,19,19,19,19,19,19,19,19,19,19,19,19,19,19,19,19,19,19,19,19,19,19,19,19,19,19,19,19,19,19,19,19,19,19,19,19,19,19,19,19,19,19,19,19,19,19,19,19,19,19,19,19,19,19,19,19,19,19,19,19,19,19,19

[objectLayer]
# gear
type=gear
location=13,18,1,1

[objectLayer]
# gear
type=gear
location=13,16,1,1

[objectLayer]
# gear
type=gear
location=12,14,1,1

[objectLayer]
# gear
type=gear
location=12,11,1,1

[objectLayer]
# gear
type=gear
location=13,9,1,1

[objectLayer]
# gear
type=gear
location=20,9,1,1

[objectLayer]
# gear
type=gear
location=19,7,1,1

[objectLayer]
# gear
type=gear
location=19,4,1,1

[objectLayer]
# gear
type=gear
location=19,2,1,1

[objectLayer]
# gear
type=gear
location=19,0,1,1

[objectLayer]
# gear
type=gear
location=1,21,1,1

[objectLayer]
# gear
type=gear
location=1,18,1,1

[objectLayer]
# gear
type=gear
location=1,16,1,1

[objectLayer]
# gear
type=gear
location=1,14,1,1

[objectLayer]
# gear
type=gear
location=1,12,1,1

[objectLayer]
# gear
type=gear
location=3,21,1,1

[objectLayer]
# gear
type=gear
location=3,18,1,1

[objectLayer]
# gear
type=gear
location=4,16,1,1

[objectLayer]
# gear
type=gear
location=3,14,1,1

[objectLayer]
# gear
type=gear
location=3,12,1,1

[objectLayer]
# gear
type=gear
location=6,18,1,1

[objectLayer]
# gear
type=gear
location=9,18,1,1

[objectLayer]
# gear
type=gear
location=6,20,1,1

[objectLayer]
# gear
type=gear
location=9,20,1,1

[objectLayer]
# gear
type=gear
location=6,16,1,1

[objectLayer]
# gear
type=gear
location=9,16,1,1

[objectLayer]
# gear
type=gear
location=6,14,1,1

[objectLayer]
# gear
type=gear
location=8,14,1,1

[objectLayer]
# gear
type=gear
location=6,23,1,1

[objectLayer]
# gear
type=gear
location=9,23,1,1

[objectLayer]
# gear
type=gear
location=25,23,1,1

[objectLayer]
# gear
type=gear
location=24,21,1,1

[objectLayer]
# gear
type=gear
location=25,19,1,1

[objectLayer]
# gear
type=gear
location=24,18,1,1

[objectLayer]
# gear
type=gear
location=25,16,1,1

[objectLayer]
# gear
type=gear
location=22,16,1,1

[objectLayer]
# gear
type=gear
location=22,18,1,1

[objectLayer]
# gear
type=gear
location=22,19,1,1

[objectLayer]
# gear
type=gear
location=22,21,1,1

[objectLayer]
# gear
type=gear
location=23,23,1,1

[objectLayer]
# gear
type=gear
location=30,9,1,1

[objectLayer]
# gear
type=gear
location=61,7,1,1

[objectLayer]
# gear
type=gear
location=30,14,1,1

[objectLayer]
# gear
type=gear
location=61,12,1,1

[objectLayer]
# gear
type=gear
location=34,9,1,1

[objectLayer]
# gear
type=gear
location=57,7,1,1

[objectLayer]
# gear
type=gear
location=35,14,1,1

[objectLayer]
# gear
type=gear
location=57,11,1,1

[objectLayer]
# gear
type=gear
location=34,4,1,1

[objectLayer]
# gear
type=gear
location=39,4,1,1

[objectLayer]
# silverGear
type=silverGear
location=32,9,1,1

[objectLayer]
# silverGear
type=silverGear
location=33,14,1,1

[objectLayer]
# silverGear
type=silverGear
location=59,11,1,1

[objectLayer]
# silverGear
type=silverGear
location=59,7,1,1

[objectLayer]
# silverGear
type=silverGear
location=60,26,1,1

[objectLayer]
# crab
type=crab
location=16,23,1,1

[objectLayer]
# crab
type=crab
location=54,8,1,1

[objectLayer]
# crab
type=crab
location=54,12,1,1

[objectLayer]
# player
type=player
location=5,23,1,1

